acc_count_attractor_BL = [[0.92, 0.86, 0.88, 0.89, 0.89, 0.9], [0.85, 0.75, 0.79, 0.81, 0.8, 0.83], [0.91, 0.74, 0.78, 0.79, 0.82, 0.82], \
                       [0.91, 0.77, 0.82, 0.8, 0.84, 0.83], \
                       [0.92, 0.8, 0.84, 0.87, 0.85, 0.87],\
                        [0.84, 0.69, 0.69, 0.69, 0.69, 0.69]]
acc_count_attractor_BB = [[0.90, 0.84, 0.86, 0.87, 0.87, 0.88], [0.85, 0.76, 0.79, 0.81, 0.8, 0.82], [0.85, 0.77, 0.79, 0.81, 0.81, 0.83], \
                       [0.91, 0.82, 0.86, 0.86, 0.87, 0.87], \
                       [0.92, 0.79, 0.83, 0.86, 0.85, 0.87],\
                        [0.82, 0.62, 0.69, 0.62, 0.62, 0.67]]

acc_count_attractor_RB = [[0.92, 0.85, 0.87, 0.89, 0.88, 0.9], [0.86, 0.78, 0.79, 0.83, 0.8, 0.84], [0.8, 0.79, 0.78, 0.78, 0.78, 0.78], \
                       [0.91, 0.84, 0.87, 0.88, 0.87, 0.88], \
                       [0.94, 0.81, 0.86, 0.88, 0.87, 0.89],\
                        [0.69, 0.52, 0.56, 0.53, 0.58, 0.53]]

acc_count_attractor_GS = [[0.79, 0.77, 0.77, 0.77, 0.77, 0.77], [0.79, 0.7, 0.74, 0.75, 0.76, 0.78], [0.89, 0.77, 0.79, 0.8, 0.79, 0.83], \
                       [0.89, 0.81, 0.83, 0.85, 0.84, 0.86], \
                       [0.92, 0.81, 0.82, 0.86, 0.83, 0.84],\
                        [0.78, 0.61, 0.57, 0.55, 0.59, 0.6]]

acc_count_attractor_RL = [[0.94, 0.86, 0.88, 0.9, 0.9, 0.92], [0.88, 0.72, 0.78, 0.84, 0.81, 0.86], [0.92, 0.72, 0.72, 0.74, 0.72, 0.73], \
                       [0.89, 0.81, 0.83, 0.85, 0.84, 0.86], \
                       [0.96, 0.81, 0.84, 0.88, 0.86, 0.9],\
                        [0.83, 0.52, 0.57, 0.51, 0.52, 0.57]]

acc_count_attractor_GM = [[0.79, 0.77, 0.77, 0.77, 0.77, 0.77], [0.79, 0.7, 0.74, 0.75, 0.76, 0.78], [0.89, 0.77, 0.79, 0.8, 0.79, 0.83], \
                       [0.89, 0.81, 0.83, 0.85, 0.84, 0.86], \
                       [0.92, 0.81, 0.82, 0.86, 0.83, 0.84],\
                        [0.78, 0.61, 0.57, 0.55, 0.59, 0.6]]
